1 0 1951
2 1951 3094
3 5045 2425
4 7470 7730
5 15200 2639
6 17839 1998
7 19837 6173
8 26010 4217
9 30227 4338
10 34565 3767
11 38332 6829
12 45161 3581
13 48742 3269
14 52011 4597
15 56608 5240
16 61848 4422
17 66270 3398
18 69668 4102
19 73770 1128
20 74898 7913
21 82811 4548
22 87359 4364
23 91723 4353
24 96076 4067
25 100143 5537
26 105680 7759
27 113439 2328
28 115767 2114
29 117881 2927
30 120808 2923
31 123731 4588
32 128319 5398
33 133717 3145
34 136862 4069
35 140931 5398
36 146329 4659
37 150988 5084
38 156072 2471
39 158543 2711
40 161254 2951
41 164205 8223
42 172428 1217
43 173645 758
44 174403 4128
45 178531 3318
46 181849 1532
47 183381 9897
48 193278 3034
49 196312 8708
50 205020 3903
51 208923 5209
52 214132 4901
53 219033 8545
54 227578 4766
55 232344 3900
56 236244 510
57 236754 4659
58 241413 4362
59 245775 3790
60 249565 5800
61 255365 7193
62 262558 6432
63 268990 2554
64 271544 3332
65 274876 950
66 275826 22850
67 298676 18518
68 317194 2567
69 319761 8426
70 328187 1633
71 329820 2382
72 332202 7097
73 339299 3315
74 342614 10944
75 353558 2860
76 356418 3490
77 359908 3204
78 363112 4805
79 367917 7227
80 375144 6875
81 382019 6160
82 388179 1052
83 389231 2770
84 392001 3425
85 395426 1036
86 396462 2418
87 398880 1541
88 400421 6287
89 406708 13564
90 420272 2083
91 422355 12890
92 435245 6430
93 441675 2861
94 444536 5007
95 449543 1945
96 451488 9011
97 460499 6535
98 467034 2463
99 469497 6350
100 475847 407
101 476254 417
102 476671 433
103 477104 477
104 477581 447
105 478028 455
106 478483 479
107 478962 515
108 479477 463
109 479940 493
110 480433 469
111 480902 461
112 481363 477
113 481840 445
114 482285 513
115 482798 2123
116 484921 988
117 485909 5400
118 491309 1953
119 493262 1485
120 494747 1838
121 496585 1155
122 497740 1162
123 498902 6893
124 505795 3738
125 509533 1007
126 510540 2454
127 512994 2212
128 515206 3208
129 518414 2569
130 520983 29739
131 550722 1081
132 551803 1730
133 553533 5075
134 558608 1236
135 559844 1634
136 561478 1715
137 563193 2400
138 565593 1662
139 567255 1567
140 568822 2615
141 571437 3194
142 574631 4626
143 579257 1768
144 581025 941
145 581966 1479
146 583445 2037
147 585482 1512
148 586994 1783
149 588777 1273
150 590050 1889
151 591939 1597
152 593536 844
153 594380 2702
154 597082 1857
155 598939 6102
156 605041 2714
157 607755 1387
158 609142 1190
159 610332 2672
160 613004 1441
161 614445 2299
162 616744 1452
163 618196 1324
164 619520 2175
165 621695 1506
166 623201 1699
167 624900 5176
168 630076 2578
169 632654 5568
170 638222 1660
171 639882 1277
172 641159 2955
173 644114 1587
174 645701 2771
175 648472 848
176 649320 1590
177 650910 3979
178 654889 3220
179 658109 2977
180 661086 3349
181 664435 2696
182 667131 1393
183 668524 1357
184 669881 872
185 670753 1614
186 672367 1078
187 673445 3305
188 676750 3179
189 679929 3759
190 683688 1740
191 685428 4864
192 690292 1769
193 692061 957
194 693018 1258
195 694276 973
196 695249 1145
197 696394 5043
198 701437 2264
199 703701 1839
200 705540 1117
201 706657 1280
202 707937 1224
203 709161 4161
204 713322 1491
205 714813 2672
206 717485 2125
207 719610 1086
208 720696 1821
209 722517 4979
210 727496 2321
211 729817 5060
212 734877 9565
213 744442 1635
214 746077 609
215 746686 594
216 747280 2905
217 750185 1856
218 752041 2297
219 754338 3051
220 757389 2876
221 760265 2931
222 763196 2999
223 766195 2419
224 768614 2461
225 771075 2530
226 773605 843
227 774448 1583
228 776031 5822
229 781853 2559
230 784412 1270
231 785682 2031
232 787713 1559
233 789272 2872
234 792144 5794
235 797938 1176
236 799114 2814
237 801928 1825
238 803753 1218
239 804971 1102
240 806073 1759
241 807832 5954
242 813786 3421
243 817207 1575
244 818782 604
245 819386 2696
246 822082 880
247 822962 5747
248 828709 5198
249 833907 1594
250 835501 745
251 836246 774
252 837020 2477
253 839497 5792
254 845289 3597
255 848886 3525
256 852411 3672
257 856083 609
258 856692 5774
259 862466 561
260 863027 2793
261 865820 2839
262 868659 1068
263 869727 1252
264 870979 7544
265 878523 1459
266 879982 2279
267 882261 2072
268 884333 1443
269 885776 944
270 886720 1688
271 888408 2607
272 891015 1897
273 892912 16970
274 909882 1534
275 911416 4827
276 916243 2096
277 918339 2800
278 921139 6226
279 927365 524
280 927889 4016
281 931905 2007
282 933912 1201
283 935113 4615
284 939728 840
285 940568 2104
286 942672 1881
287 944553 4141
288 948694 4668
289 953362 9177
290 962539 4103
291 966642 2690
292 969332 831
293 970163 796
294 970959 886
295 971845 1029
296 972874 3319
297 976193 3668
298 979861 6331
299 986192 1472
300 987664 2665
301 990329 2078
302 992407 3090
303 995497 1588
304 997085 8489
305 1005574 3481
306 1009055 3371
307 1012426 1350
308 1013776 7892
309 1021668 8169
310 1029837 8600
311 1038437 5661
312 1044098 7377
313 1051475 7020
314 1058495 5480
315 1063975 1779
316 1065754 6399
317 1072153 9008
318 1081161 3852
319 1085013 4582
320 1089595 2712
321 1092307 2381
322 1094688 3844
323 1098532 4798
324 1103330 4240
325 1107570 3236
326 1110806 7024
327 1117830 8522
328 1126352 8457
329 1134809 2785
330 1137594 607
331 1138201 4178
332 1142379 8124
333 1150503 8288
334 1158791 5396
335 1164187 2390
336 1166577 7569
337 1174146 6625
338 1180771 3423
339 1184194 2874
340 1187068 1043
341 1188111 3041
342 1191152 10577
343 1201729 7534
344 1209263 7588
345 1216851 1017
346 1217868 2951
347 1220819 1781
348 1222600 8014
349 1230614 6912
350 1237526 4044
351 1241570 1008
352 1242578 9546
353 1252124 9602
354 1261726 2683
355 1264409 3781
356 1268190 5663
357 1273853 14740
358 1288593 3032
359 1291625 4435
360 1296060 7859
361 1303919 6466
362 1310385 2494
363 1312879 3837
364 1316716 3780
365 1320496 1835
366 1322331 3373
367 1325704 5012
368 1330716 2216
369 1332932 1082
370 1334014 1339
371 1335353 3982
372 1339335 950
373 1340285 3465
374 1343750 3277
375 1347027 3662
376 1350689 3263
377 1353952 2451
378 1356403 962
379 1357365 1231
380 1358596 8038
381 1366634 6973
382 1373607 4460
383 1378067 7265
384 1385332 979
385 1386311 3306
386 1389617 9037
387 1398654 2129
388 1400783 6267
389 1407050 6261
390 1413311 1118
391 1414429 789
392 1415218 6757
393 1421975 3568
394 1425543 2667
395 1428210 5594
396 1433804 2536
397 1436340 8508
398 1444848 7333
399 1452181 2402
400 1454583 1449
401 1456032 1629
402 1457661 2661
403 1460322 2565
404 1462887 2239
405 1465126 3051
406 1468177 2056
407 1470233 2973
408 1473206 6886
409 1480092 6340
410 1486432 6796
411 1493228 6679
412 1499907 3929
413 1503836 8023
414 1511859 7717
415 1519576 3105
416 1522681 1787
417 1524468 2961
418 1527429 1597
419 1529026 3011
420 1532037 3424
421 1535461 1840
422 1537301 1514
423 1538815 4748
424 1543563 1730
425 1545293 1508
426 1546801 2451
427 1549252 3602
428 1552854 2051
429 1554905 1446
430 1556351 2795
431 1559146 7772
432 1566918 3315
433 1570233 3594
434 1573827 8853
435 1582680 3718
436 1586398 2803
437 1589201 2183
438 1591384 3549
439 1594933 3476
440 1598409 2052
441 1600461 1574
442 1602035 1782
443 1603817 6333
444 1610150 3181
445 1613331 2222
446 1615553 1846
447 1617399 3397
448 1620796 5472
449 1626268 1989
450 1628257 4117
451 1632374 2700
452 1635074 3738
453 1638812 1729
454 1640541 1523
455 1642064 1519
456 1643583 1606
457 1645189 3618
458 1648807 2714
459 1651521 3945
460 1655466 2359
461 1657825 2378
462 1660203 2564
463 1662767 2358
464 1665125 2491
465 1667616 22576
466 1690192 3185
467 1693377 3579
468 1696956 6290
469 1703246 3072
470 1706318 3281
471 1709599 3393
472 1712992 5193
473 1718185 1593
474 1719778 2573
475 1722351 3398
476 1725749 2434
477 1728183 1064
478 1729247 2344
479 1731591 5059
480 1736650 4196
481 1740846 2997
482 1743843 3755
483 1747598 2621
484 1750219 5396
485 1755615 2509
486 1758124 3745
487 1761869 1082
488 1762951 5213
489 1768164 1421
490 1769585 1199
491 1770784 2027
492 1772811 7404
493 1780215 3308
494 1783523 2519
495 1786042 1287
496 1787329 5484
497 1792813 1233
498 1794046 1947
499 1795993 2653
500 1798646 2401
501 1801047 1199
502 1802246 6788
503 1809034 3157
504 1812191 2587
505 1814778 5221
506 1819999 1909
507 1821908 2559
508 1824467 4753
509 1829220 4708
510 1833928 4470
511 1838398 3073
512 1841471 7661
513 1849132 5782
514 1854914 3509
515 1858423 3326
516 1861749 2357
517 1864106 3477
518 1867583 2167
519 1869750 2032
520 1871782 9140
521 1880922 5386
522 1886308 7463
523 1893771 5395
524 1899166 4829
525 1903995 8203
526 1912198 11888
527 1924086 6302
528 1930388 1432
529 1931820 1857
530 1933677 968
531 1934645 5298
532 1939943 2952
533 1942895 670
534 1943565 4190
535 1947755 815
536 1948570 3148
537 1951718 733
538 1952451 920
539 1953371 4228
540 1957599 3670
541 1961269 1275
542 1962544 1807
543 1964351 1148
544 1965499 1636
545 1967135 878
546 1968013 2497
547 1970510 4370
548 1974880 4669
549 1979549 994
550 1980543 2231
551 1982774 949
552 1983723 1960
553 1985683 1188
554 1986871 1478
555 1988349 552
556 1988901 3958
557 1992859 1442
558 1994301 4801
559 1999102 2473
560 2001575 2061
561 2003636 2483
562 2006119 2231
563 2008350 3474
564 2011824 1664
565 2013488 1118
566 2014606 2597
567 2017203 2018
568 2019221 1883
569 2021104 4277
570 2025381 14519
571 2039900 2104
572 2042004 6548
573 2048552 13683
574 2062235 9037
575 2071272 3693
576 2074965 4593
577 2079558 3627
578 2083185 5645
579 2088830 1682
580 2090512 3974
581 2094486 1882
582 2096368 9732
583 2106100 6449
584 2112549 2440
585 2114989 4500
586 2119489 7519
587 2127008 2076
588 2129084 3678
589 2132762 4291
590 2137053 1079
591 2138132 2204
592 2140336 9607
593 2149943 2008
594 2151951 1842
595 2153793 2634
596 2156427 3175
597 2159602 9516
598 2169118 3448
599 2172566 8346
600 2180912 2128
601 2183040 1718
602 2184758 1029
603 2185787 1424
604 2187211 1048
605 2188259 1357
606 2189616 5330
607 2194946 4976
608 2199922 2143
609 2202065 1730
610 2203795 4002
611 2207797 2311
612 2210108 2247
613 2212355 7666
614 2220021 1300
615 2221321 1470
616 2222791 4263
617 2227054 1256
618 2228310 1222
619 2229532 1400
620 2230932 1677
621 2232609 5160
622 2237769 2511
623 2240280 1362
624 2241642 3052
625 2244694 10840
626 2255534 3824
627 2259358 9520
628 2268878 3780
629 2272658 1490
630 2274148 2073
631 2276221 6998
632 2283219 1851
633 2285070 7195
634 2292265 3258
635 2295523 1905
636 2297428 12833
637 2310261 5227
638 2315488 4655
639 2320143 1366
640 2321509 2462
641 2323971 2307
642 2326278 2140
643 2328418 3600
644 2332018 1374
645 2333392 1158
646 2334550 663
647 2335213 4729
648 2339942 2029
649 2341971 1284
650 2343255 892
651 2344147 3095
652 2347242 1883
653 2349125 2865
654 2351990 961
655 2352951 1304
656 2354255 1345
657 2355600 516
658 2356116 3837
659 2359953 4932
660 2364885 3228
661 2368113 2188
662 2370301 849
663 2371150 777
664 2371927 1234
665 2373161 5660
666 2378821 1576
667 2380397 757
668 2381154 1669
669 2382823 12944
670 2395767 545
671 2396312 1829
672 2398141 2459
673 2400600 2308
674 2402908 2674
675 2405582 1638
676 2407220 609
677 2407829 2148
678 2409977 2183
679 2412160 2186
680 2414346 2312
681 2416658 2121
682 2418779 471
683 2419250 2415
684 2421665 1223
685 2422888 3084
686 2425972 1547
687 2427519 590
688 2428109 1033
689 2429142 5104
690 2434246 7802
691 2442048 5291
692 2447339 10966
693 2458305 1816
694 2460121 7236
695 2467357 3663
696 2471020 7892
697 2478912 465
698 2479377 5205
699 2484582 2486
700 2487068 3861
701 2490929 739
702 2491668 859
703 2492527 5538
704 2498065 1471
705 2499536 2123
706 2501659 2601
707 2504260 3646
708 2507906 3249
709 2511155 2063
710 2513218 4818
711 2518036 10090
712 2528126 575
713 2528701 3143
714 2531844 3437
715 2535281 5294
716 2540575 3746
717 2544321 6218
718 2550539 9816
719 2560355 2063
720 2562418 1618
721 2564036 3107
722 2567143 3644
723 2570787 1969
724 2572756 4373
725 2577129 1352
726 2578481 9421
727 2587902 4552
728 2592454 2564
729 2595018 3554
730 2598572 1737
731 2600309 1470
732 2601779 1486
733 2603265 4693
734 2607958 2876
735 2610834 8522
736 2619356 7746
737 2627102 5282
738 2632384 3024
739 2635408 7115
740 2642523 1175
741 2643698 2785
742 2646483 2555
743 2649038 1927
744 2650965 2299
745 2653264 514
746 2653778 5842
747 2659620 505
748 2660125 2057
749 2662182 6594
750 2668776 5853
751 2674629 2501
752 2677130 3056
753 2680186 8909
754 2689095 3595
755 2692690 3870
756 2696560 3015
757 2699575 8910
758 2708485 4001
759 2712486 3355
760 2715841 3603
761 2719444 1446
762 2720890 4452
763 2725342 1009
764 2726351 1761
765 2728112 5568
766 2733680 2078
767 2735758 1781
768 2737539 15794
769 2753333 5893
770 2759226 2240
771 2761466 2604
772 2764070 5375
773 2769445 3903
774 2773348 13703
775 2787051 3806
776 2790857 1824
777 2792681 3593
778 2796274 6536
779 2802810 2934
780 2805744 531
781 2806275 4658
782 2810933 4523
783 2815456 2691
784 2818147 4705
785 2822852 2142
786 2824994 725
787 2825719 1983
788 2827702 3104
789 2830806 6292
790 2837098 966
791 2838064 6634
792 2844698 920
793 2845618 1130
794 2846748 781
795 2847529 6294
796 2853823 2823
797 2856646 5052
798 2861698 9063
799 2870761 7348
800 2878109 1809
801 2879918 3582
802 2883500 1492
803 2884992 631
804 2885623 3278
805 2888901 9076
806 2897977 2861
807 2900838 2205
808 2903043 5684
809 2908727 1283
810 2910010 4392
811 2914402 681
812 2915083 2536
813 2917619 1520
814 2919139 1117
815 2920256 2505
816 2922761 4355
817 2927116 2797
818 2929913 5402
819 2935315 5837
820 2941152 4440
821 2945592 2741
822 2948333 2056
823 2950389 1052
824 2951441 796
825 2952237 2627
826 2954864 5746
827 2960610 936
828 2961546 1779
829 2963325 1706
830 2965031 7465
831 2972496 1195
832 2973691 2208
833 2975899 2418
834 2978317 1381
835 2979698 548
836 2980246 4988
837 2985234 6092
838 2991326 11594
839 3002920 1201
840 3004121 2325
841 3006446 1242
842 3007688 2176
843 3009864 2800
844 3012664 5169
845 3017833 2418
846 3020251 3010
847 3023261 20035
848 3043296 2827
849 3046123 1601
850 3047724 2239
851 3049963 1740
852 3051703 1453
853 3053156 7326
854 3060482 4580
855 3065062 12560
856 3077622 2377
857 3079999 1816
858 3081815 1428
859 3083243 3102
860 3086345 1361
861 3087706 3858
862 3091564 1113
863 3092677 1319
864 3093996 2350
865 3096346 1942
866 3098288 2343
867 3100631 3434
868 3104065 964
869 3105029 7265
870 3112294 5184
871 3117478 6537
872 3124015 4413
873 3128428 3683
874 3132111 2735
875 3134846 30767
876 3165613 3941
877 3169554 5170
878 3174724 2838
879 3177562 1940
880 3179502 4701
881 3184203 1215
882 3185418 2547
883 3187965 2797
884 3190762 2685
885 3193447 1233
886 3194680 1088
887 3195768 844
888 3196612 964
889 3197576 979
890 3198555 2342
891 3200897 1725
892 3202622 1134
893 3203756 886
894 3204642 1117
895 3205759 1340
896 3207099 982
897 3208081 1932
898 3210013 2605
899 3212618 1257
900 3213875 2724
901 3216599 2800
902 3219399 2980
903 3222379 1044
904 3223423 3589
905 3227012 2521
906 3229533 4284
907 3233817 3320
908 3237137 5870
909 3243007 3289
910 3246296 905
911 3247201 2311
912 3249512 4600
913 3254112 2296
914 3256408 784
915 3257192 5794
916 3262986 1217
917 3264203 6005
918 3270208 859
919 3271067 1602
920 3272669 858
921 3273527 3263
922 3276790 6378
923 3283168 812
924 3283980 3402
925 3287382 4016
926 3291398 1233
927 3292631 1067
928 3293698 1787
929 3295485 1520
930 3297005 2481
931 3299486 2480
932 3301966 1733
933 3303699 1364
934 3305063 2892
935 3307955 2421
936 3310376 1553
937 3311929 1846
938 3313775 1066
939 3314841 937
940 3315778 3345
941 3319123 1943
942 3321066 2208
943 3323274 1939
944 3325213 3096
945 3328309 1776
946 3330085 3173
947 3333258 3775
948 3337033 503
949 3337536 1090
950 3338626 795
951 3339421 2550
952 3341971 1042
953 3343013 2254
954 3345267 1846
955 3347113 1409
956 3348522 709
957 3349231 1661
958 3350892 2518
959 3353410 1550
960 3354960 2269
961 3357229 2369
962 3359598 2231
963 3361829 1052
964 3362881 2499
965 3365380 1409
966 3366789 4153
967 3370942 2091
968 3373033 1776
969 3374809 4193
970 3379002 524
971 3379526 816
972 3380342 2546
973 3382888 4204
974 3387092 3536
975 3390628 891
976 3391519 3496
977 3395015 1206
978 3396221 2378
979 3398599 2631
980 3401230 1562
981 3402792 3049
982 3405841 1001
983 3406842 572
984 3407414 1409
985 3408823 1626
986 3410449 1550
987 3411999 8808
988 3420807 7712
989 3428519 4345
990 3432864 2921
991 3435785 593
992 3436378 7681
993 3444059 3920
994 3447979 12329
995 3460308 4848
996 3465156 2524
997 3467680 3900
998 3471580 15769
999 3487349 6239
1000 3493588 2622
1001 3496210 2336
1002 3498546 3842
1003 3502388 2763
1004 3505151 13486
1005 3518637 7862
1006 3526499 1911
1007 3528410 2782
1008 3531192 1933
1009 3533125 1851
1010 3534976 3408
1011 3538384 2218
1012 3540602 3039
1013 3543641 1993
1014 3545634 1831
1015 3547465 2193
1016 3549658 2871
1017 3552529 2801
1018 3555330 1932
1019 3557262 2583
1020 3559845 3307
1021 3563152 2170
1022 3565322 1913
1023 3567235 1776
1024 3569011 2088
1025 3571099 4475
1026 3575574 3884
1027 3579458 3774
1028 3583232 2986
1029 3586218 2454
1030 3588672 2569
1031 3591241 2334
1032 3593575 2375
1033 3595950 5840
1034 3601790 9775
1035 3611565 2660
1036 3614225 892
1037 3615117 4426
1038 3619543 7148
1039 3626691 3179
1040 3629870 2657
1041 3632527 2381
1042 3634908 2600
1043 3637508 3551
1044 3641059 4338
1045 3645397 2593
1046 3647990 4969
1047 3652959 2726
1048 3655685 8194
1049 3663879 2741
1050 3666620 6233
1051 3672853 2440
1052 3675293 1218
1053 3676511 17735
1054 3694246 9820
1055 3704066 2942
1056 3707008 3230
1057 3710238 5863
1058 3716101 3458
1059 3719559 1928
1060 3721487 3063
1061 3724550 4474
1062 3729024 4339
1063 3733363 3695
1064 3737058 2978
1065 3740036 24417
1066 3764453 11216
1067 3775669 16201
1068 3791870 30569
1069 3822439 3761
1070 3826200 3737
1071 3829937 1617
1072 3831554 2681
1073 3834235 2664
1074 3836899 501
1075 3837400 4127
1076 3841527 6044
1077 3847571 1724
1078 3849295 3559
1079 3852854 2437
1080 3855291 5747
1081 3861038 7732
1082 3868770 4913
1083 3873683 894
1084 3874577 1258
1085 3875835 2018
1086 3877853 4041
1087 3881894 3477
1088 3885371 576
1089 3885947 4030
1090 3889977 2877
1091 3892854 2833
1092 3895687 3478
1093 3899165 5567
1094 3904732 4592
1095 3909324 5063
1096 3914387 2691
1097 3917078 9116
1098 3926194 9354
1099 3935548 5522
1100 3941070 7327
1101 3948397 3468
1102 3951865 3715
1103 3955580 2564
1104 3958144 8308
1105 3966452 1294
1106 3967746 1868
1107 3969614 3068
1108 3972682 4499
1109 3977181 2007
1110 3979188 1189
1111 3980377 1207
1112 3981584 5259
1113 3986843 2768
1114 3989611 3999
1115 3993610 1125
1116 3994735 2008
1117 3996743 1325
1118 3998068 2879
1119 4000947 1572
1120 4002519 5289
1121 4007808 728
1122 4008536 523
1123 4009059 852
1124 4009911 662
1125 4010573 524
1126 4011097 453
1127 4011550 1329
1128 4012879 3504
1129 4016383 3710
1130 4020093 501
1131 4020594 2069
1132 4022663 1323
1133 4023986 3364
1134 4027350 3246
1135 4030596 5301
1136 4035897 2997
1137 4038894 3781
1138 4042675 3259
1139 4045934 3032
1140 4048966 1917
1141 4050883 3191
1142 4054074 3765
1143 4057839 10023
1144 4067862 3808
1145 4071670 3425
1146 4075095 4198
1147 4079293 1506
1148 4080799 1446
1149 4082245 2341
1150 4084586 1938
1151 4086524 3084
1152 4089608 2746
1153 4092354 2374
1154 4094728 453
1155 4095181 3137
1156 4098318 2094
1157 4100412 10140
1158 4110552 997
1159 4111549 1329
1160 4112878 5135
1161 4118013 2516
1162 4120529 6615
1163 4127144 7781
1164 4134925 1403
1165 4136328 1751
1166 4138079 2225
1167 4140304 3388
1168 4143692 1755
1169 4145447 2085
1170 4147532 5896
1171 4153428 2060
1172 4155488 1443
1173 4156931 1094
1174 4158025 3158
1175 4161183 6293
1176 4167476 1917
1177 4169393 2377
1178 4171770 2594
1179 4174364 2590
1180 4176954 3584
1181 4180538 1331
1182 4181869 8453
1183 4190322 3875
1184 4194197 10325
1185 4204522 4080
1186 4208602 7158
1187 4215760 9955
1188 4225715 3351
1189 4229066 6486
1190 4235552 4364
1191 4239916 4652
1192 4244568 2985
1193 4247553 1301
1194 4248854 3044
1195 4251898 1934
1196 4253832 1655
1197 4255487 1702
1198 4257189 3331
1199 4260520 2048
1200 4262568 2112
1201 4264680 971
1202 4265651 1876
1203 4267527 3935
1204 4271462 2179
1205 4273641 5357
1206 4278998 1728
1207 4280726 1869
1208 4282595 2527
1209 4285122 2177
1210 4287299 2154
1211 4289453 1774
1212 4291227 2366
1213 4293593 4945
1214 4298538 1609
1215 4300147 13666
1216 4313813 963
1217 4314776 14438
1218 4329214 1841
1219 4331055 1556
1220 4332611 1037
1221 4333648 1425
1222 4335073 1742
1223 4336815 6047
1224 4342862 2964
1225 4345826 3052
1226 4348878 2370
1227 4351248 1942
1228 4353190 2824
1229 4356014 5378
1230 4361392 15278
1231 4376670 7202
1232 4383872 3325
1233 4387197 3217
1234 4390414 2527
1235 4392941 2908
1236 4395849 1328
1237 4397177 2280
1238 4399457 5127
1239 4404584 1592
1240 4406176 1280
1241 4407456 1965
1242 4409421 2586
1243 4412007 2011
1244 4414018 1475
1245 4415493 1364
1246 4416857 1273
1247 4418130 2464
1248 4420594 733
1249 4421327 3212
1250 4424539 740
1251 4425279 6195
1252 4431474 6335
1253 4437809 5719
1254 4443528 10667
1255 4454195 1503
1256 4455698 4280
1257 4459978 6366
1258 4466344 3004
1259 4469348 6079
1260 4475427 6060
1261 4481487 1674
1262 4483161 6456
1263 4489617 3250
1264 4492867 6671
1265 4499538 8982
1266 4508520 1354
1267 4509874 2900
1268 4512774 1727
1269 4514501 3317
1270 4517818 5944
1271 4523762 6724
1272 4530486 6248
1273 4536734 6344
1274 4543078 9625
1275 4552703 9720
1276 4562423 1148
1277 4563571 697
1278 4564268 1137
1279 4565405 3787
1280 4569192 647
1281 4569839 5501
1282 4575340 1365
1283 4576705 2766
1284 4579471 2295
1285 4581766 5463
1286 4587229 12208
1287 4599437 2556
1288 4601993 25940
1289 4627933 3701
1290 4631634 4014
1291 4635648 12421
1292 4648069 4355
1293 4652424 3862
1294 4656286 14642
1295 4670928 12264
1296 4683192 3666
1297 4686858 1546
1298 4688404 9074
1299 4697478 1756
1300 4699234 667
1301 4699901 3211
1302 4703112 2818
1303 4705930 5789
1304 4711719 9573
1305 4721292 4022
1306 4725314 1091
1307 4726405 1716
1308 4728121 5480
1309 4733601 4588
1310 4738189 4512
1311 4742701 4385
1312 4747086 1826
1313 4748912 4337
1314 4753249 3642
1315 4756891 6144
1316 4763035 4182
1317 4767217 1086
1318 4768303 716
1319 4769019 8835
1320 4777854 3928
1321 4781782 6965
1322 4788747 1492
1323 4790239 2455
1324 4792694 1068
1325 4793762 988
1326 4794750 979
1327 4795729 5301
1328 4801030 10787
1329 4811817 727
1330 4812544 647
1331 4813191 3999
1332 4817190 10032
1333 4827222 1266
1334 4828488 3101
1335 4831589 774
1336 4832363 544
1337 4832907 597
1338 4833504 964
1339 4834468 697
1340 4835165 1719
1341 4836884 12256
1342 4849140 4318
1343 4853458 11183
1344 4864641 3602
1345 4868243 4306
1346 4872549 5442
1347 4877991 3002
1348 4880993 2732
1349 4883725 3727
1350 4887452 2113
1351 4889565 3996
1352 4893561 13074
1353 4906635 2502
1354 4909137 1907
1355 4911044 3605
1356 4914649 3853
1357 4918502 3860
1358 4922362 1888
1359 4924250 5418
1360 4929668 6846
1361 4936514 2499
1362 4939013 4569
1363 4943582 1496
1364 4945078 2434
1365 4947512 2651
1366 4950163 774
1367 4950937 5340
1368 4956277 253
1369 4956530 831
1370 4957361 3553
1371 4960914 5853
1372 4966767 1231
1373 4967998 1376
1374 4969374 3662
1375 4973036 2377
1376 4975413 2194
1377 4977607 3765
1378 4981372 4033
1379 4985405 906
1380 4986311 2928
1381 4989239 1135
1382 4990374 1777
1383 4992151 1996
1384 4994147 3113
1385 4997260 7123
1386 5004383 8572
1387 5012955 3957
1388 5016912 3975
1389 5020887 4615
1390 5025502 3896
1391 5029398 4629
1392 5034027 1146
1393 5035173 4203
1394 5039376 2707
1395 5042083 1704
1396 5043787 1066
1397 5044853 4039
1398 5048892 3861
1399 5052753 2881
1400 5055634 1278
1401 5056912 3158
1402 5060070 7690
1403 5067760 18996
1404 5086756 2196
1405 5088952 3774
1406 5092726 1635
1407 5094361 4235
1408 5098596 5109
1409 5103705 8853
1410 5112558 3131
1411 5115689 13370
1412 5129059 3728
1413 5132787 6351
1414 5139138 8675
1415 5147813 5747
1416 5153560 2157
1417 5155717 4964
1418 5160681 1202
1419 5161883 3863
1420 5165746 6333
1421 5172079 1646
1422 5173725 3439
1423 5177164 2805
1424 5179969 6281
1425 5186250 5394
1426 5191644 1768
1427 5193412 6725
1428 5200137 3646
1429 5203783 10433
1430 5214216 6979
1431 5221195 4562
1432 5225757 3524
1433 5229281 6426
1434 5235707 9611
1435 5245318 1587
1436 5246905 2751
1437 5249656 4543
1438 5254199 8690
1439 5262889 1575
1440 5264464 4792
1441 5269256 6351
1442 5275607 3563
1443 5279170 6833
1444 5286003 10130
1445 5296133 2164
1446 5298297 3660
1447 5301957 2326
1448 5304283 3693
1449 5307976 2926
1450 5310902 3762
1451 5314664 1613
1452 5316277 10108
1453 5326385 2134
1454 5328519 4959
1455 5333478 2408
1456 5335886 1505
1457 5337391 7926
1458 5345317 6746
1459 5352063 4430
1460 5356493 9578
1461 5366071 6383
1462 5372454 5717
1463 5378171 2861
1464 5381032 5658
1465 5386690 10395
1466 5397085 4296
1467 5401381 6125
1468 5407506 4621
1469 5412127 2267
1470 5414394 3416
1471 5417810 8870
1472 5426680 1798
1473 5428478 5727
1474 5434205 4030
1475 5438235 4034
1476 5442269 2602
1477 5444871 264
1478 5445135 1848
1479 5446983 7362
1480 5454345 4425
1481 5458770 2422
1482 5461192 1733
1483 5462925 3074
1484 5465999 3513
1485 5469512 2781
1486 5472293 5211
1487 5477504 1167
1488 5478671 1157
1489 5479828 3104
1490 5482932 7596
1491 5490528 7627
1492 5498155 1179
1493 5499334 6004
1494 5505338 1684
1495 5507022 2321
1496 5509343 4809
1497 5514152 1716
1498 5515868 3344
1499 5519212 1919
1500 5521131 1165
1501 5522296 2629
1502 5524925 665
1503 5525590 2789
1504 5528379 5185
1505 5533564 1645
1506 5535209 2822
1507 5538031 4136
1508 5542167 1242
1509 5543409 1103
1510 5544512 1610
1511 5546122 1175
1512 5547297 1654
1513 5548951 810
1514 5549761 860
1515 5550621 3806
1516 5554427 825
1517 5555252 3103
1518 5558355 7816
1519 5566171 2535
1520 5568706 1499
1521 5570205 3149
1522 5573354 1152
1523 5574506 2688
1524 5577194 2343
1525 5579537 1340
1526 5580877 1024
1527 5581901 3662
1528 5585563 3058
1529 5588621 1451
1530 5590072 8307
1531 5598379 1451
1532 5599830 2047
1533 5601877 948
1534 5602825 1658
1535 5604483 1616
1536 5606099 908
1537 5607007 2418
1538 5609425 9609
1539 5619034 3943
1540 5622977 2664
1541 5625641 2739
1542 5628380 1911
1543 5630291 1348
1544 5631639 7133
1545 5638772 1541
1546 5640313 1012
1547 5641325 1104
1548 5642429 8047
1549 5650476 5519
1550 5655995 1308
1551 5657303 1991
1552 5659294 4732
1553 5664026 6752
1554 5670778 8145
1555 5678923 3677
1556 5682600 1225
1557 5683825 8804
1558 5692629 6010
1559 5698639 2049
1560 5700688 4428
1561 5705116 1924
1562 5707040 2386
1563 5709426 1257
1564 5710683 2910
1565 5713593 2143
1566 5715736 2999
1567 5718735 2580
1568 5721315 1501
1569 5722816 3389
1570 5726205 1643
1571 5727848 6347
1572 5734195 2453
1573 5736648 2139
1574 5738787 5048
1575 5743835 8532
1576 5752367 5169
1577 5757536 1446
1578 5758982 2456
1579 5761438 2348
1580 5763786 1808
1581 5765594 3484
1582 5769078 2408
1583 5771486 3910
1584 5775396 429
1585 5775825 9597
1586 5785422 2448
1587 5787870 2072
1588 5789942 2417
1589 5792359 2643
1590 5795002 7969
1591 5802971 5197
1592 5808168 5917
1593 5814085 4538
1594 5818623 2484
1595 5821107 2471
1596 5823578 7383
1597 5830961 1764
1598 5832725 1909
1599 5834634 504
1600 5835138 470
1601 5835608 589
1602 5836197 2561
1603 5838758 2500
1604 5841258 1907
1605 5843165 5749
1606 5848914 2020
1607 5850934 3806
1608 5854740 2370
1609 5857110 1563
1610 5858673 2994
1611 5861667 1763
1612 5863430 8301
1613 5871731 1685
1614 5873416 2680
1615 5876096 708
1616 5876804 5920
1617 5882724 3303
1618 5886027 8912
1619 5894939 3977
1620 5898916 2019
1621 5900935 3394
1622 5904329 7547
1623 5911876 2613
1624 5914489 2706
1625 5917195 9611
1626 5926806 19135
1627 5945941 3089
1628 5949030 2730
1629 5951760 5337
1630 5957097 2235
1631 5959332 4239
1632 5963571 6496
1633 5970067 951
1634 5971018 4864
1635 5975882 8170
1636 5984052 5328
1637 5989380 6636
1638 5996016 912
1639 5996928 3767
1640 6000695 2932
1641 6003627 3562
1642 6007189 2530
1643 6009719 3689
1644 6013408 4667
1645 6018075 9583
1646 6027658 9581
1647 6037239 11496
1648 6048735 2143
1649 6050878 4770
1650 6055648 2994
1651 6058642 1636
1652 6060278 5764
1653 6066042 2019
1654 6068061 1913
1655 6069974 8245
1656 6078219 8760
1657 6086979 2745
1658 6089724 4459
1659 6094183 3132
1660 6097315 1922
1661 6099237 10596
1662 6109833 6266
1663 6116099 5284
1664 6121383 1299
1665 6122682 1848
1666 6124530 3593
1667 6128123 3686
1668 6131809 2509
1669 6134318 7644
1670 6141962 6971
1671 6148933 6452
1672 6155385 8751
1673 6164136 3139
1674 6167275 2801
1675 6170076 1838
1676 6171914 7033
1677 6178947 3410
1678 6182357 2641
1679 6184998 1150
1680 6186148 11572
1681 6197720 10811
1682 6208531 9855
1683 6218386 6892
1684 6225278 8804
1685 6234082 2249
1686 6236331 484
1687 6236815 2756
1688 6239571 586
1689 6240157 4276
1690 6244433 2308
1691 6246741 9142
1692 6255883 6492
1693 6262375 1555
1694 6263930 7385
1695 6271315 2724
1696 6274039 7658
1697 6281697 4461
1698 6286158 2928
1699 6289086 6290
1700 6295376 9226
1701 6304602 2854
1702 6307456 4367
1703 6311823 3885
1704 6315708 1708
1705 6317416 6494
1706 6323910 5447
1707 6329357 5210
1708 6334567 8000
1709 6342567 1833
1710 6344400 2812
1711 6347212 6530
1712 6353742 8121
1713 6361863 3609
1714 6365472 4941
1715 6370413 3422
1716 6373835 1845
1717 6375680 972
1718 6376652 1387
1719 6378039 1141
1720 6379180 2080
1721 6381260 1280
1722 6382540 1720
1723 6384260 1778
1724 6386038 2140
1725 6388178 1784
1726 6389962 7617
1727 6397579 18194
1728 6415773 3833
1729 6419606 4368
1730 6423974 3320
1731 6427294 3534
1732 6430828 10353
1733 6441181 4045
1734 6445226 1203
1735 6446429 865
1736 6447294 1474
1737 6448768 945
1738 6449713 1945
1739 6451658 4401
1740 6456059 1617
1741 6457676 6142
1742 6463818 7586
1743 6471404 1938
1744 6473342 3967
1745 6477309 2638
1746 6479947 4731
1747 6484678 8688
1748 6493366 4911
1749 6498277 7950
1750 6506227 4767
1751 6510994 9950
1752 6520944 2116
1753 6523060 1575
1754 6524635 2039
1755 6526674 2396
1756 6529070 2827
1757 6531897 2546
1758 6534443 13228
1759 6547671 2449
1760 6550120 2161
1761 6552281 3026
1762 6555307 1485
1763 6556792 10059
1764 6566851 4669
1765 6571520 6971
1766 6578491 3611
1767 6582102 3384
1768 6585486 2828
1769 6588314 5847
1770 6594161 3064
1771 6597225 5763
1772 6602988 4753
1773 6607741 13551
1774 6621292 3807
1775 6625099 2935
1776 6628034 1529
1777 6629563 8042
1778 6637605 5649
1779 6643254 12425
1780 6655679 3790
1781 6659469 2119
1782 6661588 5446
1783 6667034 5784
1784 6672818 7873
1785 6680691 10104
1786 6690795 3552
1787 6694347 3354
1788 6697701 3743
1789 6701444 1946
1790 6703390 1425
1791 6704815 7344
1792 6712159 1007
1793 6713166 929
1794 6714095 1549
1795 6715644 3230
1796 6718874 1812
1797 6720686 3984
1798 6724670 2127
1799 6726797 3976
1800 6730773 1365
1801 6732138 4890
1802 6737028 2585
1803 6739613 1735
1804 6741348 1961
1805 6743309 1471
1806 6744780 1935
1807 6746715 1545
1808 6748260 2542
1809 6750802 1991
1810 6752793 3728
1811 6756521 925
1812 6757446 1192
1813 6758638 1906
1814 6760544 1413
1815 6761957 3789
1816 6765746 5687
1817 6771433 2219
1818 6773652 2881
1819 6776533 1485
1820 6778018 5732
1821 6783750 2641
1822 6786391 1269
1823 6787660 1249
1824 6788909 1319
1825 6790228 7878
1826 6798106 1688
1827 6799794 2809
1828 6802603 1223
1829 6803826 1396
1830 6805222 5095
1831 6810317 3021
1832 6813338 1281
1833 6814619 2765
1834 6817384 1425
1835 6818809 904
1836 6819713 2749
1837 6822462 1479
1838 6823941 786
1839 6824727 2845
1840 6827572 1070
1841 6828642 2583
1842 6831225 1609
1843 6832834 2213
1844 6835047 1971
1845 6837018 6210
1846 6843228 2059
1847 6845287 1551
1848 6846838 3124
1849 6849962 4031
1850 6853993 2664
1851 6856657 2856
1852 6859513 1021
1853 6860534 1403
1854 6861937 5474
1855 6867411 3591
1856 6871002 2051
1857 6873053 5765
1858 6878818 6728
1859 6885546 1177
1860 6886723 1473
1861 6888196 341
1862 6888537 2177
1863 6890714 2917
1864 6893631 1203
1865 6894834 891
1866 6895725 1848
1867 6897573 2949
1868 6900522 6851
1869 6907373 2642
1870 6910015 1546
1871 6911561 1751
1872 6913312 1680
1873 6914992 943
1874 6915935 8895
1875 6924830 5561
1876 6930391 5619
1877 6936010 5440
1878 6941450 6675
1879 6948125 2054
1880 6950179 19380
1881 6969559 7643
1882 6977202 1799
1883 6979001 1217
1884 6980218 2997
1885 6983215 1835
1886 6985050 2673
1887 6987723 4144
1888 6991867 1396
1889 6993263 571
1890 6993834 6530
1891 7000364 2392
1892 7002756 1810
1893 7004566 3326
1894 7007892 1870
1895 7009762 13648
1896 7023410 524
1897 7023934 1538
1898 7025472 3018
1899 7028490 2355
1900 7030845 2807
1901 7033652 18360
1902 7052012 3656
1903 7055668 1984
1904 7057652 3205
1905 7060857 2842
1906 7063699 7535
1907 7071234 394
1908 7071628 491
1909 7072119 11201
1910 7083320 4471
1911 7087791 3672
1912 7091463 8990
1913 7100453 3395
1914 7103848 2040
1915 7105888 1990
1916 7107878 7109
1917 7114987 6431
1918 7121418 2232
1919 7123650 14901
1920 7138551 6394
1921 7144945 1315
1922 7146260 1965
1923 7148225 2926
1924 7151151 2574
1925 7153725 2124
1926 7155849 1579
1927 7157428 734
1928 7158162 1379
1929 7159541 726
1930 7160267 376
1931 7160643 3973
1932 7164616 3044
1933 7167660 4148
1934 7171808 7567
1935 7179375 5412
1936 7184787 1340
1937 7186127 1161
1938 7187288 920
1939 7188208 1849
1940 7190057 2397
1941 7192454 5473
1942 7197927 8067
1943 7205994 2453
1944 7208447 906
1945 7209353 836
1946 7210189 1628
1947 7211817 2228
1948 7214045 7263
1949 7221308 1627
1950 7222935 4748
1951 7227683 2442
1952 7230125 3610
1953 7233735 2674
1954 7236409 6926
1955 7243335 2293
1956 7245628 3005
1957 7248633 4582
1958 7253215 2513
1959 7255728 2872
1960 7258600 1897
1961 7260497 1265
1962 7261762 4720
1963 7266482 1625
1964 7268107 988
1965 7269095 1591
1966 7270686 1791
1967 7272477 4593
1968 7277070 1664
1969 7278734 2681
1970 7281415 9313
1971 7290728 1869
1972 7292597 2612
1973 7295209 9055
1974 7304264 3536
1975 7307800 6132
1976 7313932 3359
1977 7317291 2945
1978 7320236 7852
1979 7328088 1725
1980 7329813 2192
1981 7332005 1638
1982 7333643 954
1983 7334597 1658
1984 7336255 1759
1985 7338014 14862
1986 7352876 7356
1987 7360232 3129
1988 7363361 1668
1989 7365029 1402
1990 7366431 7664
1991 7374095 1982
1992 7376077 2105
1993 7378182 1775
1994 7379957 1675
1995 7381632 2068
1996 7383700 1149
1997 7384849 3985
1998 7388834 3987
1999 7392821 4211
2000 7397032 16813
2001 7413845 2015
2002 7415860 12317
2003 7428177 14217
2004 7442394 8859
2005 7451253 8044
2006 7459297 4797
2007 7464094 11346
2008 7475440 3394
2009 7478834 4993
2010 7483827 4571
2011 7488398 4177
2012 7492575 5515
2013 7498090 3418
2014 7501508 4248
2015 7505756 4029
2016 7509785 6558
2017 7516343 3794
2018 7520137 5520
2019 7525657 3413
2020 7529070 4493
2021 7533563 24345
2022 7557908 2023
2023 7559931 4958
2024 7564889 4940
2025 7569829 5043
2026 7574872 4180
2027 7579052 3977
2028 7583029 3335
2029 7586364 23973
2030 7610337 4682
2031 7615019 5304
2032 7620323 15724
2033 7636047 10304
2034 7646351 1866
2035 7648217 5097
2036 7653314 5640
2037 7658954 3229
2038 7662183 6411
2039 7668594 7334
2040 7675928 5281
2041 7681209 6554
2042 7687763 3897
2043 7691660 6277
2044 7697937 4967
2045 7702904 6856
2046 7709760 4182
2047 7713942 8169
2048 7722111 4994
2049 7727105 4498
2050 7731603 33857
2051 7765460 1947
2052 7767407 4407
2053 7771814 5765
2054 7777579 4153
2055 7781732 2237
2056 7783969 21298
2057 7805267 5169
2058 7810436 4742
2059 7815178 4369
2060 7819547 2194
2061 7821741 4522
2062 7826263 4264
2063 7830527 5598
2064 7836125 4324
2065 7840449 22384
2066 7862833 4677
2067 7867510 3911
2068 7871421 5079
2069 7876500 2116
2070 7878616 4550
2071 7883166 5373
2072 7888539 5502
2073 7894041 3108
2074 7897149 5130
2075 7902279 5591
2076 7907870 6201
2077 7914071 3463
2078 7917534 5185
2079 7922719 4735
2080 7927454 4814
2081 7932268 3738
2082 7936006 6838
2083 7942844 4822
2084 7947666 4460
2085 7952126 2284
2086 7954410 24877
2087 7979287 4767
2088 7984054 9440
2089 7993494 4153
2090 7997647 4321
2091 8001968 3916
2092 8005884 5914
2093 8011798 24224
2094 8036022 2305
2095 8038327 5142
2096 8043469 5429
2097 8048898 3947
2098 8052845 3281
2099 8056126 3822
2100 8059948 4589
2101 8064537 4882
2102 8069419 18942
2103 8088361 2325
2104 8090686 4706
2105 8095392 7992
2106 8103384 7901
2107 8111285 5057
2108 8116342 7517
2109 8123859 5088
2110 8128947 5840
2111 8134787 6185
2112 8140972 7634
2113 8148606 4683
2114 8153289 4451
2115 8157740 3579
2116 8161319 7376
2117 8168695 5029
2118 8173724 5037
2119 8178761 23716
2120 8202477 2290
2121 8204767 3800
2122 8208567 6721
2123 8215288 4715
2124 8220003 3456
2125 8223459 15514
2126 8238973 4764
2127 8243737 4018
2128 8247755 4068
2129 8251823 2131
2130 8253954 4593
2131 8258547 9026
2132 8267573 4112
2133 8271685 4508
2134 8276193 4551
2135 8280744 3009
2136 8283753 8959
2137 8292712 8201
2138 8300913 2359
2139 8303272 3730
2140 8307002 5180
2141 8312182 5159
2142 8317341 4873
2143 8322214 18919
2144 8341133 4761
2145 8345894 6366
2146 8352260 2713
2147 8354973 3417
2148 8358390 2793
2149 8361183 10956
2150 8372139 4463
2151 8376602 5702
2152 8382304 4307
2153 8386611 3286
2154 8389897 6021
2155 8395918 4274
2156 8400192 3929
2157 8404121 5454
2158 8409575 4732
2159 8414307 5721
2160 8420028 22312
2161 8442340 2514
2162 8444854 4483
2163 8449337 4351
2164 8453688 5227
2165 8458915 2572
2166 8461487 4343
2167 8465830 3690
2168 8469520 4318
2169 8473838 6204
2170 8480042 26831
2171 8506873 2507
2172 8509380 5309
2173 8514689 5132
2174 8519821 15970
2175 8535791 2149
2176 8537940 2512
2177 8540452 4076
2178 8544528 3157
2179 8547685 4157
2180 8551842 3581
2181 8555423 10977
2182 8566400 5466
2183 8571866 13090
2184 8584956 4757
2185 8589713 5692
2186 8595405 7556
2187 8602961 7801
2188 8610762 5345
2189 8616107 4453
2190 8620560 3502
2191 8624062 4430
2192 8628492 6657
2193 8635149 4921
2194 8640070 31963
2195 8672033 2244
2196 8674277 13154
2197 8687431 11030
2198 8698461 7170
2199 8705631 3624
2200 8709255 12542
2201 8721797 2942
2202 8724739 8442
2203 8733181 2688
2204 8735869 3270
2205 8739139 2259
2206 8741398 4405
2207 8745803 16395
2208 8762198 2315
2209 8764513 4282
2210 8768795 7277
2211 8776072 4359
2212 8780431 1972
2213 8782403 5615
2214 8788018 21765
2215 8809783 2308
2216 8812091 1933
2217 8814024 2438
2218 8816462 2801
2219 8819263 18576
2220 8837839 4297
2221 8842136 6566
2222 8848702 9881
2223 8858583 4681
2224 8863264 4478
2225 8867742 3827
2226 8871569 1931
2227 8873500 6759
2228 8880259 2725
2229 8882984 5053
2230 8888037 3312
2231 8891349 7189
2232 8898538 3601
2233 8902139 4894
2234 8907033 4626
2235 8911659 5699
2236 8917358 4386
2237 8921744 22513
2238 8944257 4661
2239 8948918 3815
2240 8952733 13543
2241 8966276 2067
2242 8968343 2070
2243 8970413 2178
2244 8972591 1729
2245 8974320 19536
2246 8993856 4512
2247 8998368 4745
2248 9003113 2707
2249 9005820 2493
2250 9008313 2981
2251 9011294 2409
2252 9013703 3004
2253 9016707 22849
2254 9039556 4535
2255 9044091 7322
2256 9051413 2279
2257 9053692 2010
2258 9055702 2036
2259 9057738 6162
2260 9063900 5844
2261 9069744 4400
2262 9074144 4732
2263 9078876 4820
2264 9083696 4560
2265 9088256 24617
2266 9112873 4150
2267 9117023 4150
2268 9121173 2666
2269 9123839 2466
2270 9126305 2466
2271 9128771 2871
2272 9131642 16745
2273 9148387 4491
2274 9152878 2114
2275 9154992 8360
2276 9163352 2834
2277 9166186 2894
2278 9169080 20563
2279 9189643 5438
2280 9195081 4183
2281 9199264 10137
2282 9209401 10909
2283 9220310 2319
2284 9222629 5232
2285 9227861 4051
2286 9231912 6611
2287 9238523 6819
2288 9245342 3480
2289 9248822 4231
2290 9253053 3187
2291 9256240 4790
2292 9261030 1968
2293 9262998 5136
2294 9268134 23870
2295 9292004 2218
2296 9294222 4023
2297 9298245 196
2298 9298441 2451
2299 9300892 15641
2300 9316533 2292
2301 9318825 4207
2302 9323032 2704
2303 9325736 2507
2304 9328243 21500
2305 9349743 4206
2306 9353949 16509
2307 9370458 4283
2308 9374741 17130
2309 9391871 4607
2310 9396478 2131
2311 9398609 12994
2312 9411603 9765
2313 9421368 5292
2314 9426660 5597
2315 9432257 3005
2316 9435262 4284
2317 9439546 9031
2318 9448577 5640
2319 9454217 5163
2320 9459380 7136
2321 9466516 6872
2322 9473388 6682
2323 9480070 5204
2324 9485274 29408
2325 9514682 3303
2326 9517985 3969
2327 9521954 2683
2328 9524637 7633
2329 9532270 1955
2330 9534225 2333
2331 9536558 3033
2332 9539591 3075
2333 9542666 2694
2334 9545360 21296
2335 9566656 5717
2336 9572373 7458
2337 9579831 4192
2338 9584023 1955
2339 9585978 6241
2340 9592219 2893
2341 9595112 2519
2342 9597631 2241
2343 9599872 3099
2344 9602971 13805
2345 9616776 4264
2346 9621040 1868
2347 9622908 4515
2348 9627423 5628
2349 9633051 2306
2350 9635357 2446
2351 9637803 4650
2352 9642453 9114
2353 9651567 7522
2354 9659089 4150
2355 9663239 5290
2356 9668529 3023
2357 9671552 15989
2358 9687541 5028
2359 9692569 6027
2360 9698596 4405
2361 9703001 2288
2362 9705289 2710
2363 9707999 2042
2364 9710041 2494
2365 9712535 12950
2366 9725485 4767
2367 9730252 4843
2368 9735095 2052
2369 9737147 6205
2370 9743352 7404
2371 9750756 2273
2372 9753029 3176
2373 9756205 2498
2374 9758703 17436
2375 9776139 4109
2376 9780248 5256
2377 9785504 2369
2378 9787873 2346
2379 9790219 6454
2380 9796673 4637
2381 9801310 3636
2382 9804946 1894
2383 9806840 4065
2384 9810905 4508
2385 9815413 2712
2386 9818125 4380
2387 9822505 5164
2388 9827669 2183
2389 9829852 22388
2390 9852240 3986
2391 9856226 3714
2392 9859940 2791
2393 9862731 16979
2394 9879710 5067
2395 9884777 3328
2396 9888105 2194
2397 9890299 1608
2398 9891907 2545
2399 9894452 14484
2400 9908936 12924
2401 9921860 3433
2402 9925293 2134
2403 9927427 5319
2404 9932746 1967
2405 9934713 2483
2406 9937196 3085
2407 9940281 14977
2408 9955258 3746
2409 9959004 3551
2410 9962555 2498
2411 9965053 4661
2412 9969714 6705
2413 9976419 9409
2414 9985828 3586
2415 9989414 3772
2416 9993186 3947
2417 9997133 7696
2418 10004829 21527
2419 10026356 9792
2420 10036148 7039
2421 10043187 5179
2422 10048366 5196
2423 10053562 5944
2424 10059506 6016
2425 10065522 3589
2426 10069111 4358
2427 10073469 4760
2428 10078229 4695
2429 10082924 2299
2430 10085223 4692
2431 10089915 21791
2432 10111706 1458
2433 10113164 1021
2434 10114185 1078
2435 10115263 2135
2436 10117398 1922
2437 10119320 6183
2438 10125503 612
2439 10126115 3067
2440 10129182 1222
2441 10130404 2275
2442 10132679 3467
2443 10136146 4091
2444 10140237 4279
2445 10144516 6262
2446 10150778 3740
2447 10154518 688
2448 10155206 4263
2449 10159469 4067
2450 10163536 529
2451 10164065 978
2452 10165043 1579
2453 10166622 3644
2454 10170266 3568
2455 10173834 4786
2456 10178620 2685
2457 10181305 2067
2458 10183372 3119
2459 10186491 794
2460 10187285 7138
2461 10194423 3135
2462 10197558 2362
2463 10199920 2658
2464 10202578 2539
2465 10205117 3969
2466 10209086 2031
2467 10211117 1849
2468 10212966 4418
2469 10217384 1414
2470 10218798 4397
2471 10223195 3869
2472 10227064 5659
2473 10232723 6643
2474 10239366 4504
2475 10243870 6417
2476 10250287 2526
2477 10252813 3434
2478 10256247 2692
2479 10258939 10447
2480 10269386 747
2481 10270133 9074
2482 10279207 2195
2483 10281402 2509
2484 10283911 2382
2485 10286293 1325
2486 10287618 2934
2487 10290552 10114
2488 10300666 1268
2489 10301934 3954
2490 10305888 1104
2491 10306992 449
2492 10307441 10727
2493 10318168 1825
2494 10319993 3346
2495 10323339 3323
2496 10326662 3559
2497 10330221 9664
2498 10339885 2175
2499 10342060 1102
2500 10343162 768
2501 10343930 1024
2502 10344954 1821
2503 10346775 8467
2504 10355242 3435
2505 10358677 6313
2506 10364990 4793
2507 10369783 5587
2508 10375370 1697
2509 10377067 5343
2510 10382410 1681
2511 10384091 1695
2512 10385786 6782
2513 10392568 2753
2514 10395321 1487
2515 10396808 2056
2516 10398864 2562
2517 10401426 2567
2518 10403993 3740
2519 10407733 4981
2520 10412714 6525
2521 10419239 4691
2522 10423930 4204
2523 10428134 3587
2524 10431721 3033
2525 10434754 8622
2526 10443376 4020
2527 10447396 7513
2528 10454909 38322
2529 10493231 17839
2530 10511070 5273
2531 10516343 2756
2532 10519099 10519
2533 10529618 3769
2534 10533387 4708
2535 10538095 5392
2536 10543487 4811
2537 10548298 5230
2538 10553528 6713
2539 10560241 6469
2540 10566710 4664
2541 10571374 4135
2542 10575509 8933
2543 10584442 8382
2544 10592824 5459
2545 10598283 4259
2546 10602542 7417
2547 10609959 7884
2548 10617843 5634
2549 10623477 4450
2550 10627927 4944
2551 10632871 4300
2552 10637171 4341
2553 10641512 5327
2554 10646839 1245
2555 10648084 3994
2556 10652078 19824
2557 10671902 3695
2558 10675597 6318
2559 10681915 4652
2560 10686567 2787
2561 10689354 3458
2562 10692812 3889
2563 10696701 3440
2564 10700141 4253
2565 10704394 11891
2566 10716285 4223
2567 10720508 8194
2568 10728702 7832
2569 10736534 7974
2570 10744508 7287
2571 10751795 1617
2572 10753412 5236
2573 10758648 4589
2574 10763237 9413
2575 10772650 5293
2576 10777943 4169
2577 10782112 4766
2578 10786878 10476
2579 10797354 5528
2580 10802882 4083
2581 10806965 3114
2582 10810079 3723
2583 10813802 3290
2584 10817092 3402
2585 10820494 18397
2586 10838891 4762
2587 10843653 5349
2588 10849002 3382
2589 10852384 11447
2590 10863831 7861
2591 10871692 19512
2592 10891204 5428
2593 10896632 1218
2594 10897850 2116
2595 10899966 2816
2596 10902782 3641
2597 10906423 19325
2598 10925748 19739
2599 10945487 4337
2600 10949824 4284
2601 10954108 3508
2602 10957616 12537
2603 10970153 6763
2604 10976916 25714
2605 11002630 11203
2606 11013833 7079
2607 11020912 1539
2608 11022451 5932
2609 11028383 6336
2610 11034719 1555
2611 11036274 2796
2612 11039070 1464
2613 11040534 3246
2614 11043780 1191
2615 11044971 1764
2616 11046735 4477
2617 11051212 1063
2618 11052275 4192
2619 11056467 1810
2620 11058277 2129
2621 11060406 4928
2622 11065334 2560
2623 11067894 2585
2624 11070479 351
2625 11070830 1512
2626 11072342 1487
2627 11073829 2171
2628 11076000 1479
2629 11077479 1068
2630 11078547 2649
2631 11081196 998
2632 11082194 319
2633 11082513 4556
2634 11087069 1270
2635 11088339 880
2636 11089219 3890
2637 11093109 1326
2638 11094435 3105
2639 11097540 2602
2640 11100142 1275
2641 11101417 1225
2642 11102642 2483
2643 11105125 1183
2644 11106308 8105
2645 11114413 579
2646 11114992 1322
2647 11116314 7406
2648 11123720 3860
2649 11127580 7001
2650 11134581 4914
2651 11139495 1641
2652 11141136 1564
2653 11142700 2003
2654 11144703 1328
2655 11146031 496
2656 11146527 1340
2657 11147867 2280
2658 11150147 1525
2659 11151672 11514
2660 11163186 2040
2661 11165226 805
2662 11166031 908
2663 11166939 1049
2664 11167988 1809
2665 11169797 703
2666 11170500 11531
2667 11182031 1768
2668 11183799 2942
2669 11186741 3716
2670 11190457 936
2671 11191393 2192
2672 11193585 1215
2673 11194800 4739
2674 11199539 7023
2675 11206562 1029
2676 11207591 1767
2677 11209358 2550
2678 11211908 1472
2679 11213380 1234
2680 11214614 6629
2681 11221243 3531
2682 11224774 987
2683 11225761 3526
2684 11229287 1633
2685 11230920 2987
2686 11233907 1300
2687 11235207 489
2688 11235696 756
2689 11236452 4828
2690 11241280 1214
2691 11242494 6438
2692 11248932 2683
2693 11251615 433
2694 11252048 4223
2695 11256271 510
2696 11256781 1471
2697 11258252 2108
2698 11260360 2775
2699 11263135 3154
2700 11266289 1361
2701 11267650 1518
2702 11269168 1121
2703 11270289 1436
2704 11271725 2335
2705 11274060 579
2706 11274639 1295
2707 11275934 14570
2708 11290504 1088
2709 11291592 6846
2710 11298438 6146
2711 11304584 9152
2712 11313736 11537
2713 11325273 2061
2714 11327334 6471
2715 11333805 5719
2716 11339524 5942
2717 11345466 1204
2718 11346670 9927
2719 11356597 5481
2720 11362078 3016
2721 11365094 1969
2722 11367063 2298
2723 11369361 1800
2724 11371161 1394
2725 11372555 1476
2726 11374031 1613
2727 11375644 3438
2728 11379082 2531
2729 11381613 15203
2730 11396816 3268
2731 11400084 2524
2732 11402608 3673
2733 11406281 2728
2734 11409009 9320
2735 11418329 1371
2736 11419700 4936
2737 11424636 1388
2738 11426024 1683
2739 11427707 1815
2740 11429522 2834
2741 11432356 8121
2742 11440477 7486
2743 11447963 3475
2744 11451438 9692
2745 11461130 1620
2746 11462750 928
2747 11463678 1640
2748 11465318 4117
2749 11469435 1010
2750 11470445 14987
2751 11485432 7762
2752 11493194 2826
2753 11496020 3612
2754 11499632 2703
2755 11502335 1189
2756 11503524 11670
2757 11515194 5234
2758 11520428 5866
2759 11526294 1748
2760 11528042 922
2761 11528964 22472
2762 11551436 1482
2763 11552918 6589
2764 11559507 2305
2765 11561812 1930
2766 11563742 2399
2767 11566141 3324
2768 11569465 2351
2769 11571816 2405
2770 11574221 20128
2771 11594349 8400
2772 11602749 4373
2773 11607122 4478
2774 11611600 4147
2775 11615747 1526
2776 11617273 4489
2777 11621762 1356
2778 11623118 1174
2779 11624292 1472
2780 11625764 7415
2781 11633179 2183
2782 11635362 18029
2783 11653391 8882
2784 11662273 5679
2785 11667952 4028
2786 11671980 3552
2787 11675532 2049
2788 11677581 16365
2789 11693946 4463
2790 11698409 1151
2791 11699560 1924
2792 11701484 1352
2793 11702836 8157
2794 11710993 5175
2795 11716168 6848
2796 11723016 1824
2797 11724840 8136
2798 11732976 7533
2799 11740509 8476
2800 11748985 4955
2801 11753940 6699
2802 11760639 15095
2803 11775734 7523
2804 11783257 5085
2805 11788342 1363
2806 11789705 1559
2807 11791264 2146
2808 11793410 1340
2809 11794750 711
2810 11795461 6353
2811 11801814 2130
2812 11803944 8193
2813 11812137 4222
2814 11816359 1873
2815 11818232 5241
2816 11823473 5474
2817 11828947 9120
2818 11838067 4696
2819 11842763 9503
2820 11852266 3776
2821 11856042 1067
2822 11857109 1414
2823 11858523 9082
2824 11867605 300
2825 11867905 1731
2826 11869636 663
2827 11870299 1445
2828 11871744 12511
2829 11884255 8037
2830 11892292 4082
2831 11896374 5005
2832 11901379 4436
2833 11905815 8847
2834 11914662 2211
2835 11916873 5368
2836 11922241 2930
2837 11925171 3108
2838 11928279 1676
2839 11929955 8095
2840 11938050 3693
2841 11941743 14160
2842 11955903 3282
2843 11959185 3881
2844 11963066 4316
2845 11967382 11596
2846 11978978 923
2847 11979901 7958
2848 11987859 6231
2849 11994090 783
2850 11994873 5654
2851 12000527 15575
2852 12016102 801
2853 12016903 6039
2854 12022942 550
2855 12023492 5224
2856 12028716 7909
2857 12036625 1324
2858 12037949 4342
2859 12042291 595
2860 12042886 8879
2861 12051765 1235
2862 12053000 772
2863 12053772 1083
2864 12054855 2925
2865 12057780 4393
2866 12062173 9674
2867 12071847 2182
2868 12074029 3151
2869 12077180 2092
2870 12079272 2270
2871 12081542 26867
2872 12108409 1886
2873 12110295 1766
2874 12112061 5340
2875 12117401 5440
2876 12122841 2486
2877 12125327 3392
2878 12128719 4761
2879 12133480 3365
2880 12136845 15440
2881 12152285 4119
2882 12156404 3580
2883 12159984 10154
2884 12170138 1661
2885 12171799 1483
2886 12173282 5850
2887 12179132 10913
2888 12190045 5016
2889 12195061 3841
2890 12198902 2190
2891 12201092 1262
2892 12202354 653
2893 12203007 1526
2894 12204533 4632
2895 12209165 2727
2896 12211892 1945
2897 12213837 8735
2898 12222572 6244
2899 12228816 5167
2900 12233983 1965
2901 12235948 6466
2902 12242414 2962
2903 12245376 2930
2904 12248306 7486
2905 12255792 1690
2906 12257482 2033
2907 12259515 2580
2908 12262095 1688
2909 12263783 1590
2910 12265373 7588
2911 12272961 3342
2912 12276303 3037
2913 12279340 1892
2914 12281232 5564
2915 12286796 8142
2916 12294938 3197
2917 12298135 469
2918 12298604 3648
2919 12302252 5075
2920 12307327 6910
2921 12314237 911
2922 12315148 2364
2923 12317512 4349
2924 12321861 3553
2925 12325414 2896
2926 12328310 5627
2927 12333937 5078
2928 12339015 7329
2929 12346344 1117
2930 12347461 3930
2931 12351391 1339
2932 12352730 3286
2933 12356016 4375
2934 12360391 4837
2935 12365228 2339
2936 12367567 6034
2937 12373601 2275
2938 12375876 1705
2939 12377581 15302
2940 12392883 5392
2941 12398275 1360
2942 12399635 5668
2943 12405303 1388
2944 12406691 6565
2945 12413256 4595
2946 12417851 9736
2947 12427587 1720
2948 12429307 3468
2949 12432775 3910
2950 12436685 7874
2951 12444559 3769
2952 12448328 14060
2953 12462388 8037
2954 12470425 11497
2955 12481922 2023
2956 12483945 3578
2957 12487523 5138
2958 12492661 5306
2959 12497967 5125
2960 12503092 6292
2961 12509384 1012
2962 12510396 7149
2963 12517545 2918
2964 12520463 9479
2965 12529942 4191
2966 12534133 6383
2967 12540516 2862
2968 12543378 1566
2969 12544944 2893
2970 12547837 3373
2971 12551210 1749
2972 12552959 5511
2973 12558470 8998
2974 12567468 2269
2975 12569737 8377
2976 12578114 6764
2977 12584878 6423
2978 12591301 3663
2979 12594964 3356
2980 12598320 2862
2981 12601182 3389
2982 12604571 451
2983 12605022 2144
2984 12607166 3895
2985 12611061 3587
2986 12614648 2886
2987 12617534 3549
2988 12621083 2672
2989 12623755 6528
2990 12630283 9374
2991 12639657 8385
2992 12648042 10477
2993 12658519 9644
2994 12668163 10227
2995 12678390 7912
2996 12686302 5430
2997 12691732 6202
2998 12697934 7452
2999 12705386 3514
3000 12708900 3958
3001 12712858 1523
3002 12714381 1631
3003 12716012 3124
3004 12719136 3487
3005 12722623 4568
3006 12727191 3457
3007 12730648 11549
3008 12742197 5103
3009 12747300 4772
3010 12752072 937
3011 12753009 4122
3012 12757131 3631
3013 12760762 3413
3014 12764175 4281
3015 12768456 4879
3016 12773335 4531
3017 12777866 7957
3018 12785823 2222
3019 12788045 5502
3020 12793547 4352
3021 12797899 6480
3022 12804379 4752
3023 12809131 2135
3024 12811266 1471
3025 12812737 3289
3026 12816026 4564
3027 12820590 4111
3028 12824701 6199
3029 12830900 8532
3030 12839432 1832
3031 12841264 5740
3032 12847004 7235
3033 12854239 1251
3034 12855490 4077
3035 12859567 1593
3036 12861160 7201
3037 12868361 2731
3038 12871092 10086
3039 12881178 4264
3040 12885442 5766
3041 12891208 793
3042 12892001 3724
3043 12895725 1954
3044 12897679 3122
3045 12900801 5150
3046 12905951 5537
3047 12911488 4669
3048 12916157 5505
3049 12921662 1854
3050 12923516 3806
3051 12927322 6032
3052 12933354 2439
3053 12935793 4407
3054 12940200 955
3055 12941155 774
3056 12941929 4146
3057 12946075 2636
3058 12948711 2940
3059 12951651 1224
3060 12952875 1917
3061 12954792 2293
3062 12957085 2681
3063 12959766 2267
3064 12962033 1270
3065 12963303 4654
3066 12967957 4538
3067 12972495 3542
3068 12976037 3100
3069 12979137 4080
3070 12983217 4451
3071 12987668 2753
3072 12990421 3800
3073 12994221 2292
3074 12996513 1716
3075 12998229 2252
3076 13000481 20420
3077 13020901 3273
3078 13024174 4054
3079 13028228 1901
3080 13030129 8671
3081 13038800 2648
3082 13041448 5278
3083 13046726 5316
3084 13052042 3656
3085 13055698 4134
3086 13059832 5897
3087 13065729 3009
3088 13068738 5432
3089 13074170 1721
3090 13075891 2602
3091 13078493 5008
3092 13083501 4764
3093 13088265 3293
3094 13091558 5391
3095 13096949 5469
3096 13102418 4251
3097 13106669 2517
3098 13109186 4383
3099 13113569 7354
3100 13120923 4699
3101 13125622 887
3102 13126509 777
3103 13127286 2216
3104 13129502 1756
3105 13131258 914
3106 13132172 1818
3107 13133990 12088
3108 13146078 4409
3109 13150487 6851
3110 13157338 9939
3111 13167277 1099
3112 13168376 3351
3113 13171727 1384
3114 13173111 3492
3115 13176603 5336
3116 13181939 4637
3117 13186576 5511
3118 13192087 2556
3119 13194643 3279
3120 13197922 1856
3121 13199778 3244
3122 13203022 5063
3123 13208085 2077
3124 13210162 5800
3125 13215962 2284
3126 13218246 4193
3127 13222439 4891
3128 13227330 8476
3129 13235806 4211
3130 13240017 3207
3131 13243224 12774
3132 13255998 4530
3133 13260528 2357
3134 13262885 2409
3135 13265294 646
3136 13265940 1331
3137 13267271 10014
3138 13277285 21644
3139 13298929 855
3140 13299784 3500
3141 13303284 1404
3142 13304688 1049
3143 13305737 5572
3144 13311309 1194
3145 13312503 875
3146 13313378 10807
3147 13324185 1342
3148 13325527 17578
3149 13343105 9458
3150 13352563 2830
3151 13355393 1308
3152 13356701 4568
3153 13361269 5942
3154 13367211 1034
3155 13368245 812
3156 13369057 2282
3157 13371339 8136
3158 13379475 3234
3159 13382709 1816
3160 13384525 509
3161 13385034 1523
3162 13386557 2252
3163 13388809 3794
3164 13392603 5909
3165 13398512 1305
3166 13399817 3154
3167 13402971 1211
3168 13404182 1285
3169 13405467 1073
3170 13406540 5522
3171 13412062 905
3172 13412967 4349
3173 13417316 323
3174 13417639 8860
3175 13426499 3576
3176 13430075 1575
3177 13431650 1313
3178 13432963 6340
3179 13439303 4008
3180 13443311 1196
3181 13444507 2916
3182 13447423 2642
3183 13450065 1759
3184 13451824 4069
3185 13455893 12801
3186 13468694 1449
3187 13470143 3989
3188 13474132 3554
3189 13477686 1339
3190 13479025 1062
3191 13480087 3944
3192 13484031 6852
3193 13490883 1564
3194 13492447 1497
3195 13493944 1434
3196 13495378 2405
3197 13497783 2136
3198 13499919 1721
3199 13501640 1738
3200 13503378 1129
3201 13504507 1610
3202 13506117 777
3203 13506894 7005
3204 13513899 8075
3205 13521974 1451
3206 13523425 1057
3207 13524482 4652
3208 13529134 2396
3209 13531530 1139
3210 13532669 6418
3211 13539087 1750
3212 13540837 7496
3213 13548333 2144
3214 13550477 6361
3215 13556838 3976
3216 13560814 1365
3217 13562179 8316
3218 13570495 6841
3219 13577336 9466
3220 13586802 3609
3221 13590411 2208
3222 13592619 4696
3223 13597315 1658
3224 13598973 2605
3225 13601578 2706
3226 13604284 3554
3227 13607838 3453
3228 13611291 3775
3229 13615066 3051
3230 13618117 4286
3231 13622403 3978
3232 13626381 4144
3233 13630525 3527
3234 13634052 3634
3235 13637686 3790
3236 13641476 3985
3237 13645461 3455
3238 13648916 3754
3239 13652670 3074
3240 13655744 3115
3241 13658859 4043
3242 13662902 3249
3243 13666151 3385
3244 13669536 3437
3245 13672973 3499
3246 13676472 4664
3247 13681136 1501
3248 13682637 3404
3249 13686041 5056
3250 13691097 3270
3251 13694367 3712
3252 13698079 3465
3253 13701544 2719
3254 13704263 3214
3255 13707477 3630
3256 13711107 3070
3257 13714177 3530
3258 13717707 18910
3259 13736617 4480
3260 13741097 3759
3261 13744856 3595
3262 13748451 4311
3263 13752762 1224
3264 13753986 918
3265 13754904 2929
3266 13757833 4049
3267 13761882 3500
3268 13765382 3512
3269 13768894 2595
3270 13771489 1096
3271 13772585 4204
3272 13776789 19765
3273 13796554 4804
3274 13801358 3314
3275 13804672 4772
3276 13809444 3295
3277 13812739 3242
3278 13815981 3628
3279 13819609 7365
3280 13826974 1279
3281 13828253 1058
3282 13829311 9025
3283 13838336 11167
3284 13849503 9177
3285 13858680 15916
3286 13874596 8668
3287 13883264 8357
3288 13891621 7275
3289 13898896 11201
3290 13910097 19450
3291 13929547 13515
3292 13943062 5456
3293 13948518 474
3294 13948992 806
3295 13949798 3177
3296 13952975 7316
3297 13960291 521
3298 13960812 1516
3299 13962328 3441
3300 13965769 2076
3301 13967845 9125
3302 13976970 7991
3303 13984961 8545
3304 13993506 4667
3305 13998173 2667
3306 14000840 4062
3307 14004902 7112
3308 14012014 3386
3309 14015400 2813
3310 14018213 653
3311 14018866 1033
3312 14019899 1617
3313 14021516 6633
3314 14028149 1328
3315 14029477 11389
3316 14040866 6309
3317 14047175 4398
3318 14051573 25711
3319 14077284 3727
3320 14081011 5119
3321 14086130 8358
3322 14094488 9736
3323 14104224 4607
3324 14108831 9565
3325 14118396 12753
3326 14131149 4650
3327 14135799 10910
3328 14146709 5087
3329 14151796 1736
3330 14153532 3794
3331 14157326 4747
3332 14162073 3687
3333 14165760 10673
3334 14176433 9852
3335 14186285 6783
3336 14193068 6046
3337 14199114 5772
3338 14204886 4066
3339 14208952 3884
3340 14212836 3473
3341 14216309 3823
3342 14220132 3312
3343 14223444 12220
3344 14235664 12810
3345 14248474 4209
3346 14252683 2841
3347 14255524 5549
3348 14261073 15850
3349 14276923 4264
3350 14281187 701
3351 14281888 1185
3352 14283073 4379
3353 14287452 4356
3354 14291808 2071
3355 14293879 12980
3356 14306859 6685
3357 14313544 8790
3358 14322334 7706
3359 14330040 10661
3360 14340701 6954
3361 14347655 8922
3362 14356577 2323
3363 14358900 8129
3364 14367029 8259
3365 14375288 3877
3366 14379165 5725
3367 14384890 2529
3368 14387419 13663
3369 14401082 4658
3370 14405740 509
3371 14406249 1517
3372 14407766 3067
3373 14410833 4095
3374 14414928 5720
3375 14420648 9696
3376 14430344 7129
3377 14437473 8103
3378 14445576 17845
3379 14463421 15524
3380 14478945 7351
3381 14486296 3878
3382 14490174 33323
3383 14523497 2378
3384 14525875 2260
3385 14528135 4704
3386 14532839 3553
3387 14536392 2498
3388 14538890 4051
3389 14542941 2461
3390 14545402 6052
3391 14551454 8287
3392 14559741 5866
3393 14565607 5647
3394 14571254 7355
3395 14578609 15588
3396 14594197 7251
3397 14601448 10282
3398 14611730 343
3399 14612073 12082
3400 14624155 16822
3401 14640977 2810
3402 14643787 8720
3403 14652507 4090
3404 14656597 23959
3405 14680556 15960
3406 14696516 5804
3407 14702320 5540
3408 14707860 10287
3409 14718147 3692
3410 14721839 5140
3411 14726979 7594
3412 14734573 16599
3413 14751172 15874
3414 14767046 267
3415 14767313 290
3416 14767603 5744
3417 14773347 5679
3418 14779026 261
3419 14779287 283
3420 14779570 1707
3421 14781277 7354
3422 14788631 55242
3423 14843873 5379
3424 14849252 8810
3425 14858062 7559
3426 14865621 6413
3427 14872034 16247
3428 14888281 6820
3429 14895101 11745
3430 14906846 3140
3431 14909986 7940
3432 14917926 3758
3433 14921684 5391
3434 14927075 10419
3435 14937494 7465
3436 14944959 8198
3437 14953157 24563
3438 14977720 15432
3439 14993152 5408
3440 14998560 5126
3441 15003686 3449
3442 15007135 3463
3443 15010598 2926
3444 15013524 3601
3445 15017125 15057
3446 15032182 11792
3447 15043974 6796
3448 15050770 13900
3449 15064670 14210
3450 15078880 4908
3451 15083788 3674
3452 15087462 5235
3453 15092697 10008
3454 15102705 7483
3455 15110188 8246
3456 15118434 16745
3457 15135179 15442
3458 15150621 5462
3459 15156083 5426
3460 15161509 5157
3461 15166666 11734
3462 15178400 3730
3463 15182130 5229
3464 15187359 9989
3465 15197348 8260
3466 15205608 16982
3467 15222590 15472
3468 15238062 5525
3469 15243587 5221
3470 15248808 6796
3471 15255604 9374
3472 15264978 16147
3473 15281125 11730
3474 15292855 15522
3475 15308377 3369
3476 15311746 3632
3477 15315378 5419
3478 15320797 9997
3479 15330794 7447
3480 15338241 23489
3481 15361730 5519
3482 15367249 5202
3483 15372451 9174
3484 15381625 11910
3485 15393535 3620
3486 15397155 7412
3487 15404567 8193
3488 15412760 17465
3489 15430225 15511
3490 15445736 5553
3491 15451289 5117
3492 15456406 8869
3493 15465275 3089
3494 15468364 3638
3495 15472002 16970
3496 15488972 15510
3497 15504482 9136
3498 15513618 5208
3499 15518826 16293
3500 15535119 6764
3501 15541883 3389
3502 15545272 3828
3503 15549100 9989
3504 15559089 7463
3505 15566552 8255
3506 15574807 24401
3507 15599208 15513
3508 15614721 5854
3509 15620575 7056
3510 15627631 5530
3511 15633161 5171
3512 15638332 3603
3513 15641935 9811
3514 15651746 3573
3515 15655319 10022
3516 15665341 7497
3517 15672838 8199
3518 15681037 15598
3519 15696635 5605
3520 15702240 5286
3521 15707526 4205
3522 15711731 15577
3523 15727308 6056
3524 15733364 5725
3525 15739089 10608
3526 15749697 3527
3527 15753224 8213
3528 15761437 5583
3529 15767020 17127
3530 15784147 3268
3531 15787415 6493
3532 15793908 9981
3533 15803889 2739
3534 15806628 3292
3535 15809920 5709
3536 15815629 10040
3537 15825669 8362
3538 15834031 22512
3539 15856543 15534
3540 15872077 5088
3541 15877165 10231
3542 15887396 15176
3543 15902572 2490
3544 15905062 9181
3545 15914243 6846
3546 15921089 7679
3547 15928768 16133
3548 15944901 15426
3549 15960327 7042
3550 15967369 3024
3551 15970393 5403
3552 15975796 5248
3553 15981044 56602
3554 16037646 15582
3555 16053228 5724
3556 16058952 4947
3557 16063899 4933
3558 16068832 7111
3559 16075943 13042
3560 16088985 3172
3561 16092157 6778
3562 16098935 3330
3563 16102265 1484
3564 16103749 2690
3565 16106439 925
3566 16107364 1075
3567 16108439 15436
3568 16123875 6391
3569 16130266 13913
3570 16144179 721
3571 16144900 2036
3572 16146936 2584
3573 16149520 2763
3574 16152283 1756
3575 16154039 19924
3576 16173963 9022
3577 16182985 3556
3578 16186541 3538
3579 16190079 3379
3580 16193458 2083
3581 16195541 3211
3582 16198752 404
3583 16199156 2886
3584 16202042 1787
3585 16203829 4072
3586 16207901 906
3587 16208807 3811
3588 16212618 28512
3589 16241130 4049
3590 16245179 7345
3591 16252524 9272
3592 16261796 30128
3593 16291924 19582
3594 16311506 923
3595 16312429 596
3596 16313025 2298
3597 16315323 1598
3598 16316921 4949
3599 16321870 3299
3600 16325169 4032
3601 16329201 2484
3602 16331685 4575
3603 16336260 1128
3604 16337388 1983
3605 16339371 395
3606 16339766 2279
3607 16342045 835
3608 16342880 3507
3609 16346387 888
3610 16347275 2453
3611 16349728 3090
3612 16352818 7169
3613 16359987 18935
3614 16378922 5670
3615 16384592 1286
3616 16385878 2163
3617 16388041 2331
3618 16390372 2592
3619 16392964 1222
3620 16394186 3491
3621 16397677 2227
3622 16399904 21971
3623 16421875 829
3624 16422704 365
3625 16423069 1131
3626 16424200 3702
3627 16427902 994
3628 16428896 3504
3629 16432400 3234
3630 16435634 1550
3631 16437184 1319
3632 16438503 1989
3633 16440492 2024
3634 16442516 1279
3635 16443795 3865
3636 16447660 512
3637 16448172 6431
3638 16454603 2425
3639 16457028 3515
3640 16460543 777
3641 16461320 1251
3642 16462571 2373
3643 16464944 648
3644 16465592 754
3645 16466346 4981
